{
 "cells": [
  {
   "cell_type": "markdown",
   "metadata": {},
   "source": [
    "# In this section we will be performing some of the exploratory data analysis to our data"
   ]
  },
  {
   "cell_type": "code",
   "execution_count": 96,
   "metadata": {},
   "outputs": [],
   "source": [
    "# importing libraries to the file\n",
    "import pandas as pd\n",
    "import numpy as np\n",
    "import matplotlib.pyplot as plt\n",
    "import seaborn as sns\n",
    "from scipy import stats\n",
    "%matplotlib inline \n",
    "#to generate graphs in the same file"
   ]
  },
  {
   "cell_type": "raw",
   "metadata": {},
   "source": [
    "When ever we perform regression over the numerical values we have to check for the correlation between the variables. To check for the correlation between varible using the corr() function. "
   ]
  },
  {
   "cell_type": "code",
   "execution_count": 11,
   "metadata": {},
   "outputs": [
    {
     "data": {
      "text/html": [
       "<div>\n",
       "<style scoped>\n",
       "    .dataframe tbody tr th:only-of-type {\n",
       "        vertical-align: middle;\n",
       "    }\n",
       "\n",
       "    .dataframe tbody tr th {\n",
       "        vertical-align: top;\n",
       "    }\n",
       "\n",
       "    .dataframe thead th {\n",
       "        text-align: right;\n",
       "    }\n",
       "</style>\n",
       "<table border=\"1\" class=\"dataframe\">\n",
       "  <thead>\n",
       "    <tr style=\"text-align: right;\">\n",
       "      <th></th>\n",
       "      <th>symboling</th>\n",
       "      <th>normalized-losses</th>\n",
       "      <th>make</th>\n",
       "      <th>num-of-doors</th>\n",
       "      <th>body-style</th>\n",
       "      <th>drive-wheels</th>\n",
       "      <th>engine-location</th>\n",
       "      <th>wheel-base</th>\n",
       "      <th>length</th>\n",
       "      <th>width</th>\n",
       "      <th>...</th>\n",
       "      <th>horsepower</th>\n",
       "      <th>peak-rpm</th>\n",
       "      <th>city-L/100km</th>\n",
       "      <th>highway-L/100km</th>\n",
       "      <th>price</th>\n",
       "      <th>horsepower_binned</th>\n",
       "      <th>fuel-type-diesel</th>\n",
       "      <th>fuel-type-gas</th>\n",
       "      <th>aspiration-std</th>\n",
       "      <th>aspiration-turbo</th>\n",
       "    </tr>\n",
       "  </thead>\n",
       "  <tbody>\n",
       "    <tr>\n",
       "      <th>0</th>\n",
       "      <td>3</td>\n",
       "      <td>122</td>\n",
       "      <td>alfa-romero</td>\n",
       "      <td>two</td>\n",
       "      <td>convertible</td>\n",
       "      <td>rwd</td>\n",
       "      <td>front</td>\n",
       "      <td>88.6</td>\n",
       "      <td>0.811148</td>\n",
       "      <td>0.890278</td>\n",
       "      <td>...</td>\n",
       "      <td>111</td>\n",
       "      <td>5000.0</td>\n",
       "      <td>11.190476</td>\n",
       "      <td>8.703704</td>\n",
       "      <td>13495.0</td>\n",
       "      <td>Low</td>\n",
       "      <td>0</td>\n",
       "      <td>1</td>\n",
       "      <td>1</td>\n",
       "      <td>0</td>\n",
       "    </tr>\n",
       "    <tr>\n",
       "      <th>1</th>\n",
       "      <td>3</td>\n",
       "      <td>122</td>\n",
       "      <td>alfa-romero</td>\n",
       "      <td>two</td>\n",
       "      <td>convertible</td>\n",
       "      <td>rwd</td>\n",
       "      <td>front</td>\n",
       "      <td>88.6</td>\n",
       "      <td>0.811148</td>\n",
       "      <td>0.890278</td>\n",
       "      <td>...</td>\n",
       "      <td>111</td>\n",
       "      <td>5000.0</td>\n",
       "      <td>11.190476</td>\n",
       "      <td>8.703704</td>\n",
       "      <td>16500.0</td>\n",
       "      <td>Low</td>\n",
       "      <td>0</td>\n",
       "      <td>1</td>\n",
       "      <td>1</td>\n",
       "      <td>0</td>\n",
       "    </tr>\n",
       "    <tr>\n",
       "      <th>2</th>\n",
       "      <td>1</td>\n",
       "      <td>122</td>\n",
       "      <td>alfa-romero</td>\n",
       "      <td>two</td>\n",
       "      <td>hatchback</td>\n",
       "      <td>rwd</td>\n",
       "      <td>front</td>\n",
       "      <td>94.5</td>\n",
       "      <td>0.822681</td>\n",
       "      <td>0.909722</td>\n",
       "      <td>...</td>\n",
       "      <td>154</td>\n",
       "      <td>5000.0</td>\n",
       "      <td>12.368421</td>\n",
       "      <td>9.038462</td>\n",
       "      <td>16500.0</td>\n",
       "      <td>Medium</td>\n",
       "      <td>0</td>\n",
       "      <td>1</td>\n",
       "      <td>1</td>\n",
       "      <td>0</td>\n",
       "    </tr>\n",
       "    <tr>\n",
       "      <th>3</th>\n",
       "      <td>2</td>\n",
       "      <td>164</td>\n",
       "      <td>audi</td>\n",
       "      <td>four</td>\n",
       "      <td>sedan</td>\n",
       "      <td>fwd</td>\n",
       "      <td>front</td>\n",
       "      <td>99.8</td>\n",
       "      <td>0.848630</td>\n",
       "      <td>0.919444</td>\n",
       "      <td>...</td>\n",
       "      <td>102</td>\n",
       "      <td>5500.0</td>\n",
       "      <td>9.791667</td>\n",
       "      <td>7.833333</td>\n",
       "      <td>13950.0</td>\n",
       "      <td>Low</td>\n",
       "      <td>0</td>\n",
       "      <td>1</td>\n",
       "      <td>1</td>\n",
       "      <td>0</td>\n",
       "    </tr>\n",
       "    <tr>\n",
       "      <th>4</th>\n",
       "      <td>2</td>\n",
       "      <td>164</td>\n",
       "      <td>audi</td>\n",
       "      <td>four</td>\n",
       "      <td>sedan</td>\n",
       "      <td>4wd</td>\n",
       "      <td>front</td>\n",
       "      <td>99.4</td>\n",
       "      <td>0.848630</td>\n",
       "      <td>0.922222</td>\n",
       "      <td>...</td>\n",
       "      <td>115</td>\n",
       "      <td>5500.0</td>\n",
       "      <td>13.055556</td>\n",
       "      <td>10.681818</td>\n",
       "      <td>17450.0</td>\n",
       "      <td>Low</td>\n",
       "      <td>0</td>\n",
       "      <td>1</td>\n",
       "      <td>1</td>\n",
       "      <td>0</td>\n",
       "    </tr>\n",
       "  </tbody>\n",
       "</table>\n",
       "<p>5 rows × 29 columns</p>\n",
       "</div>"
      ],
      "text/plain": [
       "   symboling  normalized-losses         make num-of-doors   body-style  \\\n",
       "0          3                122  alfa-romero          two  convertible   \n",
       "1          3                122  alfa-romero          two  convertible   \n",
       "2          1                122  alfa-romero          two    hatchback   \n",
       "3          2                164         audi         four        sedan   \n",
       "4          2                164         audi         four        sedan   \n",
       "\n",
       "  drive-wheels engine-location  wheel-base    length     width  \\\n",
       "0          rwd           front        88.6  0.811148  0.890278   \n",
       "1          rwd           front        88.6  0.811148  0.890278   \n",
       "2          rwd           front        94.5  0.822681  0.909722   \n",
       "3          fwd           front        99.8  0.848630  0.919444   \n",
       "4          4wd           front        99.4  0.848630  0.922222   \n",
       "\n",
       "         ...         horsepower  peak-rpm city-L/100km highway-L/100km  \\\n",
       "0        ...                111    5000.0    11.190476        8.703704   \n",
       "1        ...                111    5000.0    11.190476        8.703704   \n",
       "2        ...                154    5000.0    12.368421        9.038462   \n",
       "3        ...                102    5500.0     9.791667        7.833333   \n",
       "4        ...                115    5500.0    13.055556       10.681818   \n",
       "\n",
       "     price horsepower_binned  fuel-type-diesel  fuel-type-gas  aspiration-std  \\\n",
       "0  13495.0               Low                 0              1               1   \n",
       "1  16500.0               Low                 0              1               1   \n",
       "2  16500.0            Medium                 0              1               1   \n",
       "3  13950.0               Low                 0              1               1   \n",
       "4  17450.0               Low                 0              1               1   \n",
       "\n",
       "   aspiration-turbo  \n",
       "0                 0  \n",
       "1                 0  \n",
       "2                 0  \n",
       "3                 0  \n",
       "4                 0  \n",
       "\n",
       "[5 rows x 29 columns]"
      ]
     },
     "execution_count": 11,
     "metadata": {},
     "output_type": "execute_result"
    }
   ],
   "source": [
    "#lets import the data first\n",
    "data=pd.read_csv(\"cleaned-auto.csv\")\n",
    "#data.head()\n",
    "\n",
    "data.rename(columns={\"Unnamed: 0\":\"indexes\"}, inplace=True)\n",
    "data.drop(columns=[\"indexes\"], axis=1, inplace=True) #dropped extra column which is unnamed\n",
    "data.head() #final data we have after cleaning\n"
   ]
  },
  {
   "cell_type": "raw",
   "metadata": {},
   "source": [
    "Correlation between variables shows that how closely two variables are related to each other. \n",
    "The value of correlation lies between -1 to 1\n",
    "The positive value indicates the positive correlation. Higher the positive value stronger is the correlation.\n",
    "If the value vies between 0 and -1 it means negative correlation. Closer the value obtained to -1 means strong negative correlation of the variables.\n",
    "And if the value the correlation is near to 0 or its actually 0 that means the two variables have no relation ship.\n"
   ]
  },
  {
   "cell_type": "code",
   "execution_count": 12,
   "metadata": {},
   "outputs": [
    {
     "data": {
      "text/html": [
       "<div>\n",
       "<style scoped>\n",
       "    .dataframe tbody tr th:only-of-type {\n",
       "        vertical-align: middle;\n",
       "    }\n",
       "\n",
       "    .dataframe tbody tr th {\n",
       "        vertical-align: top;\n",
       "    }\n",
       "\n",
       "    .dataframe thead th {\n",
       "        text-align: right;\n",
       "    }\n",
       "</style>\n",
       "<table border=\"1\" class=\"dataframe\">\n",
       "  <thead>\n",
       "    <tr style=\"text-align: right;\">\n",
       "      <th></th>\n",
       "      <th>symboling</th>\n",
       "      <th>normalized-losses</th>\n",
       "      <th>wheel-base</th>\n",
       "      <th>length</th>\n",
       "      <th>width</th>\n",
       "      <th>height</th>\n",
       "      <th>curb-weight</th>\n",
       "      <th>engine-size</th>\n",
       "      <th>bore</th>\n",
       "      <th>stroke</th>\n",
       "      <th>compression-ratio</th>\n",
       "      <th>horsepower</th>\n",
       "      <th>peak-rpm</th>\n",
       "      <th>city-L/100km</th>\n",
       "      <th>highway-L/100km</th>\n",
       "      <th>price</th>\n",
       "      <th>fuel-type-diesel</th>\n",
       "      <th>fuel-type-gas</th>\n",
       "      <th>aspiration-std</th>\n",
       "      <th>aspiration-turbo</th>\n",
       "    </tr>\n",
       "  </thead>\n",
       "  <tbody>\n",
       "    <tr>\n",
       "      <th>symboling</th>\n",
       "      <td>1.000000</td>\n",
       "      <td>0.466264</td>\n",
       "      <td>-0.535987</td>\n",
       "      <td>-0.365404</td>\n",
       "      <td>-0.242423</td>\n",
       "      <td>-0.550160</td>\n",
       "      <td>-0.233118</td>\n",
       "      <td>-0.110581</td>\n",
       "      <td>-0.144324</td>\n",
       "      <td>-0.008153</td>\n",
       "      <td>-0.182196</td>\n",
       "      <td>0.075810</td>\n",
       "      <td>0.279740</td>\n",
       "      <td>0.066171</td>\n",
       "      <td>-0.029807</td>\n",
       "      <td>-0.082391</td>\n",
       "      <td>-0.196735</td>\n",
       "      <td>0.196735</td>\n",
       "      <td>0.054615</td>\n",
       "      <td>-0.054615</td>\n",
       "    </tr>\n",
       "    <tr>\n",
       "      <th>normalized-losses</th>\n",
       "      <td>0.466264</td>\n",
       "      <td>1.000000</td>\n",
       "      <td>-0.056661</td>\n",
       "      <td>0.019424</td>\n",
       "      <td>0.086802</td>\n",
       "      <td>-0.373737</td>\n",
       "      <td>0.099404</td>\n",
       "      <td>0.112360</td>\n",
       "      <td>-0.030035</td>\n",
       "      <td>0.055045</td>\n",
       "      <td>-0.114713</td>\n",
       "      <td>0.217300</td>\n",
       "      <td>0.239543</td>\n",
       "      <td>0.238567</td>\n",
       "      <td>0.181189</td>\n",
       "      <td>0.133999</td>\n",
       "      <td>-0.101546</td>\n",
       "      <td>0.101546</td>\n",
       "      <td>0.006911</td>\n",
       "      <td>-0.006911</td>\n",
       "    </tr>\n",
       "    <tr>\n",
       "      <th>wheel-base</th>\n",
       "      <td>-0.535987</td>\n",
       "      <td>-0.056661</td>\n",
       "      <td>1.000000</td>\n",
       "      <td>0.876024</td>\n",
       "      <td>0.814507</td>\n",
       "      <td>0.590742</td>\n",
       "      <td>0.782097</td>\n",
       "      <td>0.572027</td>\n",
       "      <td>0.494884</td>\n",
       "      <td>0.158018</td>\n",
       "      <td>0.250313</td>\n",
       "      <td>0.371178</td>\n",
       "      <td>-0.360305</td>\n",
       "      <td>0.476153</td>\n",
       "      <td>0.577576</td>\n",
       "      <td>0.584642</td>\n",
       "      <td>0.307237</td>\n",
       "      <td>-0.307237</td>\n",
       "      <td>-0.256889</td>\n",
       "      <td>0.256889</td>\n",
       "    </tr>\n",
       "    <tr>\n",
       "      <th>length</th>\n",
       "      <td>-0.365404</td>\n",
       "      <td>0.019424</td>\n",
       "      <td>0.876024</td>\n",
       "      <td>1.000000</td>\n",
       "      <td>0.857170</td>\n",
       "      <td>0.492063</td>\n",
       "      <td>0.880665</td>\n",
       "      <td>0.685025</td>\n",
       "      <td>0.610051</td>\n",
       "      <td>0.123952</td>\n",
       "      <td>0.159733</td>\n",
       "      <td>0.579795</td>\n",
       "      <td>-0.285970</td>\n",
       "      <td>0.657373</td>\n",
       "      <td>0.707108</td>\n",
       "      <td>0.690628</td>\n",
       "      <td>0.211187</td>\n",
       "      <td>-0.211187</td>\n",
       "      <td>-0.230085</td>\n",
       "      <td>0.230085</td>\n",
       "    </tr>\n",
       "    <tr>\n",
       "      <th>width</th>\n",
       "      <td>-0.242423</td>\n",
       "      <td>0.086802</td>\n",
       "      <td>0.814507</td>\n",
       "      <td>0.857170</td>\n",
       "      <td>1.000000</td>\n",
       "      <td>0.306002</td>\n",
       "      <td>0.866201</td>\n",
       "      <td>0.729436</td>\n",
       "      <td>0.544924</td>\n",
       "      <td>0.188822</td>\n",
       "      <td>0.189867</td>\n",
       "      <td>0.615056</td>\n",
       "      <td>-0.245800</td>\n",
       "      <td>0.673363</td>\n",
       "      <td>0.736728</td>\n",
       "      <td>0.751265</td>\n",
       "      <td>0.244356</td>\n",
       "      <td>-0.244356</td>\n",
       "      <td>-0.305732</td>\n",
       "      <td>0.305732</td>\n",
       "    </tr>\n",
       "    <tr>\n",
       "      <th>height</th>\n",
       "      <td>-0.550160</td>\n",
       "      <td>-0.373737</td>\n",
       "      <td>0.590742</td>\n",
       "      <td>0.492063</td>\n",
       "      <td>0.306002</td>\n",
       "      <td>1.000000</td>\n",
       "      <td>0.307581</td>\n",
       "      <td>0.074694</td>\n",
       "      <td>0.185907</td>\n",
       "      <td>-0.060663</td>\n",
       "      <td>0.259737</td>\n",
       "      <td>-0.087001</td>\n",
       "      <td>-0.309974</td>\n",
       "      <td>0.003811</td>\n",
       "      <td>0.084301</td>\n",
       "      <td>0.135486</td>\n",
       "      <td>0.281578</td>\n",
       "      <td>-0.281578</td>\n",
       "      <td>-0.090336</td>\n",
       "      <td>0.090336</td>\n",
       "    </tr>\n",
       "    <tr>\n",
       "      <th>curb-weight</th>\n",
       "      <td>-0.233118</td>\n",
       "      <td>0.099404</td>\n",
       "      <td>0.782097</td>\n",
       "      <td>0.880665</td>\n",
       "      <td>0.866201</td>\n",
       "      <td>0.307581</td>\n",
       "      <td>1.000000</td>\n",
       "      <td>0.849072</td>\n",
       "      <td>0.644617</td>\n",
       "      <td>0.167438</td>\n",
       "      <td>0.156433</td>\n",
       "      <td>0.757981</td>\n",
       "      <td>-0.279361</td>\n",
       "      <td>0.785353</td>\n",
       "      <td>0.836921</td>\n",
       "      <td>0.834415</td>\n",
       "      <td>0.221046</td>\n",
       "      <td>-0.221046</td>\n",
       "      <td>-0.321955</td>\n",
       "      <td>0.321955</td>\n",
       "    </tr>\n",
       "    <tr>\n",
       "      <th>engine-size</th>\n",
       "      <td>-0.110581</td>\n",
       "      <td>0.112360</td>\n",
       "      <td>0.572027</td>\n",
       "      <td>0.685025</td>\n",
       "      <td>0.729436</td>\n",
       "      <td>0.074694</td>\n",
       "      <td>0.849072</td>\n",
       "      <td>1.000000</td>\n",
       "      <td>0.582857</td>\n",
       "      <td>0.205928</td>\n",
       "      <td>0.028889</td>\n",
       "      <td>0.822668</td>\n",
       "      <td>-0.256733</td>\n",
       "      <td>0.745059</td>\n",
       "      <td>0.783465</td>\n",
       "      <td>0.872335</td>\n",
       "      <td>0.070779</td>\n",
       "      <td>-0.070779</td>\n",
       "      <td>-0.110040</td>\n",
       "      <td>0.110040</td>\n",
       "    </tr>\n",
       "    <tr>\n",
       "      <th>bore</th>\n",
       "      <td>-0.144324</td>\n",
       "      <td>-0.030035</td>\n",
       "      <td>0.494884</td>\n",
       "      <td>0.610051</td>\n",
       "      <td>0.544924</td>\n",
       "      <td>0.185907</td>\n",
       "      <td>0.644617</td>\n",
       "      <td>0.582857</td>\n",
       "      <td>1.000000</td>\n",
       "      <td>-0.055390</td>\n",
       "      <td>0.001250</td>\n",
       "      <td>0.567952</td>\n",
       "      <td>-0.277060</td>\n",
       "      <td>0.570252</td>\n",
       "      <td>0.567318</td>\n",
       "      <td>0.543436</td>\n",
       "      <td>0.054496</td>\n",
       "      <td>-0.054496</td>\n",
       "      <td>-0.228289</td>\n",
       "      <td>0.228289</td>\n",
       "    </tr>\n",
       "    <tr>\n",
       "      <th>stroke</th>\n",
       "      <td>-0.008153</td>\n",
       "      <td>0.055045</td>\n",
       "      <td>0.158018</td>\n",
       "      <td>0.123952</td>\n",
       "      <td>0.188822</td>\n",
       "      <td>-0.060663</td>\n",
       "      <td>0.167438</td>\n",
       "      <td>0.205928</td>\n",
       "      <td>-0.055390</td>\n",
       "      <td>1.000000</td>\n",
       "      <td>0.187871</td>\n",
       "      <td>0.098128</td>\n",
       "      <td>-0.063561</td>\n",
       "      <td>0.036133</td>\n",
       "      <td>0.047089</td>\n",
       "      <td>0.082269</td>\n",
       "      <td>0.241064</td>\n",
       "      <td>-0.241064</td>\n",
       "      <td>-0.218233</td>\n",
       "      <td>0.218233</td>\n",
       "    </tr>\n",
       "    <tr>\n",
       "      <th>compression-ratio</th>\n",
       "      <td>-0.182196</td>\n",
       "      <td>-0.114713</td>\n",
       "      <td>0.250313</td>\n",
       "      <td>0.159733</td>\n",
       "      <td>0.189867</td>\n",
       "      <td>0.259737</td>\n",
       "      <td>0.156433</td>\n",
       "      <td>0.028889</td>\n",
       "      <td>0.001250</td>\n",
       "      <td>0.187871</td>\n",
       "      <td>1.000000</td>\n",
       "      <td>-0.214489</td>\n",
       "      <td>-0.435780</td>\n",
       "      <td>-0.299372</td>\n",
       "      <td>-0.223361</td>\n",
       "      <td>0.071107</td>\n",
       "      <td>0.985231</td>\n",
       "      <td>-0.985231</td>\n",
       "      <td>-0.307522</td>\n",
       "      <td>0.307522</td>\n",
       "    </tr>\n",
       "    <tr>\n",
       "      <th>horsepower</th>\n",
       "      <td>0.075810</td>\n",
       "      <td>0.217300</td>\n",
       "      <td>0.371178</td>\n",
       "      <td>0.579795</td>\n",
       "      <td>0.615056</td>\n",
       "      <td>-0.087001</td>\n",
       "      <td>0.757981</td>\n",
       "      <td>0.822668</td>\n",
       "      <td>0.567952</td>\n",
       "      <td>0.098128</td>\n",
       "      <td>-0.214489</td>\n",
       "      <td>1.000000</td>\n",
       "      <td>0.107884</td>\n",
       "      <td>0.889482</td>\n",
       "      <td>0.840627</td>\n",
       "      <td>0.809607</td>\n",
       "      <td>-0.169030</td>\n",
       "      <td>0.169030</td>\n",
       "      <td>-0.251159</td>\n",
       "      <td>0.251159</td>\n",
       "    </tr>\n",
       "    <tr>\n",
       "      <th>peak-rpm</th>\n",
       "      <td>0.279740</td>\n",
       "      <td>0.239543</td>\n",
       "      <td>-0.360305</td>\n",
       "      <td>-0.285970</td>\n",
       "      <td>-0.245800</td>\n",
       "      <td>-0.309974</td>\n",
       "      <td>-0.279361</td>\n",
       "      <td>-0.256733</td>\n",
       "      <td>-0.277060</td>\n",
       "      <td>-0.063561</td>\n",
       "      <td>-0.435780</td>\n",
       "      <td>0.107884</td>\n",
       "      <td>1.000000</td>\n",
       "      <td>0.115830</td>\n",
       "      <td>0.017694</td>\n",
       "      <td>-0.101616</td>\n",
       "      <td>-0.475812</td>\n",
       "      <td>0.475812</td>\n",
       "      <td>0.190057</td>\n",
       "      <td>-0.190057</td>\n",
       "    </tr>\n",
       "    <tr>\n",
       "      <th>city-L/100km</th>\n",
       "      <td>0.066171</td>\n",
       "      <td>0.238567</td>\n",
       "      <td>0.476153</td>\n",
       "      <td>0.657373</td>\n",
       "      <td>0.673363</td>\n",
       "      <td>0.003811</td>\n",
       "      <td>0.785353</td>\n",
       "      <td>0.745059</td>\n",
       "      <td>0.570252</td>\n",
       "      <td>0.036133</td>\n",
       "      <td>-0.299372</td>\n",
       "      <td>0.889482</td>\n",
       "      <td>0.115830</td>\n",
       "      <td>1.000000</td>\n",
       "      <td>0.958306</td>\n",
       "      <td>0.789898</td>\n",
       "      <td>-0.241282</td>\n",
       "      <td>0.241282</td>\n",
       "      <td>-0.157578</td>\n",
       "      <td>0.157578</td>\n",
       "    </tr>\n",
       "    <tr>\n",
       "      <th>highway-L/100km</th>\n",
       "      <td>-0.029807</td>\n",
       "      <td>0.181189</td>\n",
       "      <td>0.577576</td>\n",
       "      <td>0.707108</td>\n",
       "      <td>0.736728</td>\n",
       "      <td>0.084301</td>\n",
       "      <td>0.836921</td>\n",
       "      <td>0.783465</td>\n",
       "      <td>0.567318</td>\n",
       "      <td>0.047089</td>\n",
       "      <td>-0.223361</td>\n",
       "      <td>0.840627</td>\n",
       "      <td>0.017694</td>\n",
       "      <td>0.958306</td>\n",
       "      <td>1.000000</td>\n",
       "      <td>0.801118</td>\n",
       "      <td>-0.158091</td>\n",
       "      <td>0.158091</td>\n",
       "      <td>-0.210720</td>\n",
       "      <td>0.210720</td>\n",
       "    </tr>\n",
       "    <tr>\n",
       "      <th>price</th>\n",
       "      <td>-0.082391</td>\n",
       "      <td>0.133999</td>\n",
       "      <td>0.584642</td>\n",
       "      <td>0.690628</td>\n",
       "      <td>0.751265</td>\n",
       "      <td>0.135486</td>\n",
       "      <td>0.834415</td>\n",
       "      <td>0.872335</td>\n",
       "      <td>0.543436</td>\n",
       "      <td>0.082269</td>\n",
       "      <td>0.071107</td>\n",
       "      <td>0.809607</td>\n",
       "      <td>-0.101616</td>\n",
       "      <td>0.789898</td>\n",
       "      <td>0.801118</td>\n",
       "      <td>1.000000</td>\n",
       "      <td>0.110326</td>\n",
       "      <td>-0.110326</td>\n",
       "      <td>-0.179578</td>\n",
       "      <td>0.179578</td>\n",
       "    </tr>\n",
       "    <tr>\n",
       "      <th>fuel-type-diesel</th>\n",
       "      <td>-0.196735</td>\n",
       "      <td>-0.101546</td>\n",
       "      <td>0.307237</td>\n",
       "      <td>0.211187</td>\n",
       "      <td>0.244356</td>\n",
       "      <td>0.281578</td>\n",
       "      <td>0.221046</td>\n",
       "      <td>0.070779</td>\n",
       "      <td>0.054496</td>\n",
       "      <td>0.241064</td>\n",
       "      <td>0.985231</td>\n",
       "      <td>-0.169030</td>\n",
       "      <td>-0.475812</td>\n",
       "      <td>-0.241282</td>\n",
       "      <td>-0.158091</td>\n",
       "      <td>0.110326</td>\n",
       "      <td>1.000000</td>\n",
       "      <td>-1.000000</td>\n",
       "      <td>-0.408228</td>\n",
       "      <td>0.408228</td>\n",
       "    </tr>\n",
       "    <tr>\n",
       "      <th>fuel-type-gas</th>\n",
       "      <td>0.196735</td>\n",
       "      <td>0.101546</td>\n",
       "      <td>-0.307237</td>\n",
       "      <td>-0.211187</td>\n",
       "      <td>-0.244356</td>\n",
       "      <td>-0.281578</td>\n",
       "      <td>-0.221046</td>\n",
       "      <td>-0.070779</td>\n",
       "      <td>-0.054496</td>\n",
       "      <td>-0.241064</td>\n",
       "      <td>-0.985231</td>\n",
       "      <td>0.169030</td>\n",
       "      <td>0.475812</td>\n",
       "      <td>0.241282</td>\n",
       "      <td>0.158091</td>\n",
       "      <td>-0.110326</td>\n",
       "      <td>-1.000000</td>\n",
       "      <td>1.000000</td>\n",
       "      <td>0.408228</td>\n",
       "      <td>-0.408228</td>\n",
       "    </tr>\n",
       "    <tr>\n",
       "      <th>aspiration-std</th>\n",
       "      <td>0.054615</td>\n",
       "      <td>0.006911</td>\n",
       "      <td>-0.256889</td>\n",
       "      <td>-0.230085</td>\n",
       "      <td>-0.305732</td>\n",
       "      <td>-0.090336</td>\n",
       "      <td>-0.321955</td>\n",
       "      <td>-0.110040</td>\n",
       "      <td>-0.228289</td>\n",
       "      <td>-0.218233</td>\n",
       "      <td>-0.307522</td>\n",
       "      <td>-0.251159</td>\n",
       "      <td>0.190057</td>\n",
       "      <td>-0.157578</td>\n",
       "      <td>-0.210720</td>\n",
       "      <td>-0.179578</td>\n",
       "      <td>-0.408228</td>\n",
       "      <td>0.408228</td>\n",
       "      <td>1.000000</td>\n",
       "      <td>-1.000000</td>\n",
       "    </tr>\n",
       "    <tr>\n",
       "      <th>aspiration-turbo</th>\n",
       "      <td>-0.054615</td>\n",
       "      <td>-0.006911</td>\n",
       "      <td>0.256889</td>\n",
       "      <td>0.230085</td>\n",
       "      <td>0.305732</td>\n",
       "      <td>0.090336</td>\n",
       "      <td>0.321955</td>\n",
       "      <td>0.110040</td>\n",
       "      <td>0.228289</td>\n",
       "      <td>0.218233</td>\n",
       "      <td>0.307522</td>\n",
       "      <td>0.251159</td>\n",
       "      <td>-0.190057</td>\n",
       "      <td>0.157578</td>\n",
       "      <td>0.210720</td>\n",
       "      <td>0.179578</td>\n",
       "      <td>0.408228</td>\n",
       "      <td>-0.408228</td>\n",
       "      <td>-1.000000</td>\n",
       "      <td>1.000000</td>\n",
       "    </tr>\n",
       "  </tbody>\n",
       "</table>\n",
       "</div>"
      ],
      "text/plain": [
       "                   symboling  normalized-losses  wheel-base    length  \\\n",
       "symboling           1.000000           0.466264   -0.535987 -0.365404   \n",
       "normalized-losses   0.466264           1.000000   -0.056661  0.019424   \n",
       "wheel-base         -0.535987          -0.056661    1.000000  0.876024   \n",
       "length             -0.365404           0.019424    0.876024  1.000000   \n",
       "width              -0.242423           0.086802    0.814507  0.857170   \n",
       "height             -0.550160          -0.373737    0.590742  0.492063   \n",
       "curb-weight        -0.233118           0.099404    0.782097  0.880665   \n",
       "engine-size        -0.110581           0.112360    0.572027  0.685025   \n",
       "bore               -0.144324          -0.030035    0.494884  0.610051   \n",
       "stroke             -0.008153           0.055045    0.158018  0.123952   \n",
       "compression-ratio  -0.182196          -0.114713    0.250313  0.159733   \n",
       "horsepower          0.075810           0.217300    0.371178  0.579795   \n",
       "peak-rpm            0.279740           0.239543   -0.360305 -0.285970   \n",
       "city-L/100km        0.066171           0.238567    0.476153  0.657373   \n",
       "highway-L/100km    -0.029807           0.181189    0.577576  0.707108   \n",
       "price              -0.082391           0.133999    0.584642  0.690628   \n",
       "fuel-type-diesel   -0.196735          -0.101546    0.307237  0.211187   \n",
       "fuel-type-gas       0.196735           0.101546   -0.307237 -0.211187   \n",
       "aspiration-std      0.054615           0.006911   -0.256889 -0.230085   \n",
       "aspiration-turbo   -0.054615          -0.006911    0.256889  0.230085   \n",
       "\n",
       "                      width    height  curb-weight  engine-size      bore  \\\n",
       "symboling         -0.242423 -0.550160    -0.233118    -0.110581 -0.144324   \n",
       "normalized-losses  0.086802 -0.373737     0.099404     0.112360 -0.030035   \n",
       "wheel-base         0.814507  0.590742     0.782097     0.572027  0.494884   \n",
       "length             0.857170  0.492063     0.880665     0.685025  0.610051   \n",
       "width              1.000000  0.306002     0.866201     0.729436  0.544924   \n",
       "height             0.306002  1.000000     0.307581     0.074694  0.185907   \n",
       "curb-weight        0.866201  0.307581     1.000000     0.849072  0.644617   \n",
       "engine-size        0.729436  0.074694     0.849072     1.000000  0.582857   \n",
       "bore               0.544924  0.185907     0.644617     0.582857  1.000000   \n",
       "stroke             0.188822 -0.060663     0.167438     0.205928 -0.055390   \n",
       "compression-ratio  0.189867  0.259737     0.156433     0.028889  0.001250   \n",
       "horsepower         0.615056 -0.087001     0.757981     0.822668  0.567952   \n",
       "peak-rpm          -0.245800 -0.309974    -0.279361    -0.256733 -0.277060   \n",
       "city-L/100km       0.673363  0.003811     0.785353     0.745059  0.570252   \n",
       "highway-L/100km    0.736728  0.084301     0.836921     0.783465  0.567318   \n",
       "price              0.751265  0.135486     0.834415     0.872335  0.543436   \n",
       "fuel-type-diesel   0.244356  0.281578     0.221046     0.070779  0.054496   \n",
       "fuel-type-gas     -0.244356 -0.281578    -0.221046    -0.070779 -0.054496   \n",
       "aspiration-std    -0.305732 -0.090336    -0.321955    -0.110040 -0.228289   \n",
       "aspiration-turbo   0.305732  0.090336     0.321955     0.110040  0.228289   \n",
       "\n",
       "                     stroke  compression-ratio  horsepower  peak-rpm  \\\n",
       "symboling         -0.008153          -0.182196    0.075810  0.279740   \n",
       "normalized-losses  0.055045          -0.114713    0.217300  0.239543   \n",
       "wheel-base         0.158018           0.250313    0.371178 -0.360305   \n",
       "length             0.123952           0.159733    0.579795 -0.285970   \n",
       "width              0.188822           0.189867    0.615056 -0.245800   \n",
       "height            -0.060663           0.259737   -0.087001 -0.309974   \n",
       "curb-weight        0.167438           0.156433    0.757981 -0.279361   \n",
       "engine-size        0.205928           0.028889    0.822668 -0.256733   \n",
       "bore              -0.055390           0.001250    0.567952 -0.277060   \n",
       "stroke             1.000000           0.187871    0.098128 -0.063561   \n",
       "compression-ratio  0.187871           1.000000   -0.214489 -0.435780   \n",
       "horsepower         0.098128          -0.214489    1.000000  0.107884   \n",
       "peak-rpm          -0.063561          -0.435780    0.107884  1.000000   \n",
       "city-L/100km       0.036133          -0.299372    0.889482  0.115830   \n",
       "highway-L/100km    0.047089          -0.223361    0.840627  0.017694   \n",
       "price              0.082269           0.071107    0.809607 -0.101616   \n",
       "fuel-type-diesel   0.241064           0.985231   -0.169030 -0.475812   \n",
       "fuel-type-gas     -0.241064          -0.985231    0.169030  0.475812   \n",
       "aspiration-std    -0.218233          -0.307522   -0.251159  0.190057   \n",
       "aspiration-turbo   0.218233           0.307522    0.251159 -0.190057   \n",
       "\n",
       "                   city-L/100km  highway-L/100km     price  fuel-type-diesel  \\\n",
       "symboling              0.066171        -0.029807 -0.082391         -0.196735   \n",
       "normalized-losses      0.238567         0.181189  0.133999         -0.101546   \n",
       "wheel-base             0.476153         0.577576  0.584642          0.307237   \n",
       "length                 0.657373         0.707108  0.690628          0.211187   \n",
       "width                  0.673363         0.736728  0.751265          0.244356   \n",
       "height                 0.003811         0.084301  0.135486          0.281578   \n",
       "curb-weight            0.785353         0.836921  0.834415          0.221046   \n",
       "engine-size            0.745059         0.783465  0.872335          0.070779   \n",
       "bore                   0.570252         0.567318  0.543436          0.054496   \n",
       "stroke                 0.036133         0.047089  0.082269          0.241064   \n",
       "compression-ratio     -0.299372        -0.223361  0.071107          0.985231   \n",
       "horsepower             0.889482         0.840627  0.809607         -0.169030   \n",
       "peak-rpm               0.115830         0.017694 -0.101616         -0.475812   \n",
       "city-L/100km           1.000000         0.958306  0.789898         -0.241282   \n",
       "highway-L/100km        0.958306         1.000000  0.801118         -0.158091   \n",
       "price                  0.789898         0.801118  1.000000          0.110326   \n",
       "fuel-type-diesel      -0.241282        -0.158091  0.110326          1.000000   \n",
       "fuel-type-gas          0.241282         0.158091 -0.110326         -1.000000   \n",
       "aspiration-std        -0.157578        -0.210720 -0.179578         -0.408228   \n",
       "aspiration-turbo       0.157578         0.210720  0.179578          0.408228   \n",
       "\n",
       "                   fuel-type-gas  aspiration-std  aspiration-turbo  \n",
       "symboling               0.196735        0.054615         -0.054615  \n",
       "normalized-losses       0.101546        0.006911         -0.006911  \n",
       "wheel-base             -0.307237       -0.256889          0.256889  \n",
       "length                 -0.211187       -0.230085          0.230085  \n",
       "width                  -0.244356       -0.305732          0.305732  \n",
       "height                 -0.281578       -0.090336          0.090336  \n",
       "curb-weight            -0.221046       -0.321955          0.321955  \n",
       "engine-size            -0.070779       -0.110040          0.110040  \n",
       "bore                   -0.054496       -0.228289          0.228289  \n",
       "stroke                 -0.241064       -0.218233          0.218233  \n",
       "compression-ratio      -0.985231       -0.307522          0.307522  \n",
       "horsepower              0.169030       -0.251159          0.251159  \n",
       "peak-rpm                0.475812        0.190057         -0.190057  \n",
       "city-L/100km            0.241282       -0.157578          0.157578  \n",
       "highway-L/100km         0.158091       -0.210720          0.210720  \n",
       "price                  -0.110326       -0.179578          0.179578  \n",
       "fuel-type-diesel       -1.000000       -0.408228          0.408228  \n",
       "fuel-type-gas           1.000000        0.408228         -0.408228  \n",
       "aspiration-std          0.408228        1.000000         -1.000000  \n",
       "aspiration-turbo       -0.408228       -1.000000          1.000000  "
      ]
     },
     "execution_count": 12,
     "metadata": {},
     "output_type": "execute_result"
    }
   ],
   "source": [
    "#lets check the correlation of variables with each other.\n",
    "data.corr()"
   ]
  },
  {
   "cell_type": "code",
   "execution_count": 14,
   "metadata": {},
   "outputs": [
    {
     "data": {
      "text/html": [
       "<div>\n",
       "<style scoped>\n",
       "    .dataframe tbody tr th:only-of-type {\n",
       "        vertical-align: middle;\n",
       "    }\n",
       "\n",
       "    .dataframe tbody tr th {\n",
       "        vertical-align: top;\n",
       "    }\n",
       "\n",
       "    .dataframe thead th {\n",
       "        text-align: right;\n",
       "    }\n",
       "</style>\n",
       "<table border=\"1\" class=\"dataframe\">\n",
       "  <thead>\n",
       "    <tr style=\"text-align: right;\">\n",
       "      <th></th>\n",
       "      <th>horsepower</th>\n",
       "      <th>stroke</th>\n",
       "      <th>bore</th>\n",
       "      <th>compression-ratio</th>\n",
       "      <th>engine-size</th>\n",
       "    </tr>\n",
       "  </thead>\n",
       "  <tbody>\n",
       "    <tr>\n",
       "      <th>horsepower</th>\n",
       "      <td>1.000000</td>\n",
       "      <td>0.098128</td>\n",
       "      <td>0.567952</td>\n",
       "      <td>-0.214489</td>\n",
       "      <td>0.822668</td>\n",
       "    </tr>\n",
       "    <tr>\n",
       "      <th>stroke</th>\n",
       "      <td>0.098128</td>\n",
       "      <td>1.000000</td>\n",
       "      <td>-0.055390</td>\n",
       "      <td>0.187871</td>\n",
       "      <td>0.205928</td>\n",
       "    </tr>\n",
       "    <tr>\n",
       "      <th>bore</th>\n",
       "      <td>0.567952</td>\n",
       "      <td>-0.055390</td>\n",
       "      <td>1.000000</td>\n",
       "      <td>0.001250</td>\n",
       "      <td>0.582857</td>\n",
       "    </tr>\n",
       "    <tr>\n",
       "      <th>compression-ratio</th>\n",
       "      <td>-0.214489</td>\n",
       "      <td>0.187871</td>\n",
       "      <td>0.001250</td>\n",
       "      <td>1.000000</td>\n",
       "      <td>0.028889</td>\n",
       "    </tr>\n",
       "    <tr>\n",
       "      <th>engine-size</th>\n",
       "      <td>0.822668</td>\n",
       "      <td>0.205928</td>\n",
       "      <td>0.582857</td>\n",
       "      <td>0.028889</td>\n",
       "      <td>1.000000</td>\n",
       "    </tr>\n",
       "  </tbody>\n",
       "</table>\n",
       "</div>"
      ],
      "text/plain": [
       "                   horsepower    stroke      bore  compression-ratio  \\\n",
       "horsepower           1.000000  0.098128  0.567952          -0.214489   \n",
       "stroke               0.098128  1.000000 -0.055390           0.187871   \n",
       "bore                 0.567952 -0.055390  1.000000           0.001250   \n",
       "compression-ratio   -0.214489  0.187871  0.001250           1.000000   \n",
       "engine-size          0.822668  0.205928  0.582857           0.028889   \n",
       "\n",
       "                   engine-size  \n",
       "horsepower            0.822668  \n",
       "stroke                0.205928  \n",
       "bore                  0.582857  \n",
       "compression-ratio     0.028889  \n",
